# Created by Octave 4.2.2, Sun Dec 30 13:02:44 2018 CET <michael@VM-Ubuntu>
# name: model_mass
# type: scalar struct
# ndims: 2
 1 1
# length: 5
# name: covariance_type
# type: function handle
# octaveroot: /usr
# path: /home/michael/octave/stk-2.5.1/covfcs/stk_materncov_aniso.m
stk_materncov_aniso


# name: lm
# type: class
# classname: stk_lm_affine
# length: 0


# name: dim
# type: scalar
5


# name: param
# type: matrix
# rows: 7
# columns: 1
 -10.13830513087991
 3.912023005428146
 -11.05035606493617
 1.735731980553151
 0.117622441635203
 0.9942694874587976
 2.338139998808772


# name: lognoisevariance
# type: scalar
-36.04365338911715




# name: model_density
# type: scalar struct
# ndims: 2
 1 1
# length: 5
# name: covariance_type
# type: function handle
# octaveroot: /usr
# path: /home/michael/octave/stk-2.5.1/covfcs/stk_materncov_aniso.m
stk_materncov_aniso


# name: lm
# type: class
# classname: stk_lm_affine
# length: 0


# name: dim
# type: scalar
5


# name: param
# type: matrix
# rows: 7
# columns: 1
 12.28692337172411
 3.684258785203783
 -12.2016486114332
 -1.663049104568186
 -5.58157540490284
 -0.01254407447029019
 -1.415136024544329


# name: lognoisevariance
# type: scalar
-1.709789935751841




# name: params
# type: matrix
# rows: 21
# columns: 5
 592.8114284401299 0.4870668310912169 0.4695556032752871 0.02899453310939108 0.03562199725006297
 691.0519380718847 0.522329542735073 0.6463827447241925 0.03481757551668718 0.07104056992539547
 524.1042516800139 0.4276730438423906 0.6796132118939653 0.04613182597493371 0.06645217570703686
 653.6224610073613 0.6263427546533837 0.5950198372987606 0.05442280664941209 0.07480333389069545
 508.4906376116795 0.3487334094459064 0.5092123059236959 0.07485889366346132 0.04956742908891749
 729.254496726213 0.6478553149614722 0.4848964613369692 0.06470321747255042 0.05619970444366852
 772.7553239261862 0.581885381391227 0.373172964127627 0.03074536980641533 0.06899695813760248
 541.5539709236789 0.4051817300001364 0.5662963038697219 0.06865938992156845 0.02850505343187018
 611.6661877368483 0.3741732313812905 0.5351223192517256 0.04948768097778297 0.02576644405279518
 749.5652046108233 0.3175795308136857 0.4284732112933081 0.07175465708212794 0.05167322237102258
 543.8283224822975 0.5010640122099298 0.3311863640237504 0.04701584631698714 0.04462092131503208
 791.9467872511739 0.5582780562954468 0.3407619086481368 0.05897193598195658 0.06426086188333706
 636.7696155157983 0.6739911750345315 0.6382316150113362 0.04350933216923058 0.04308224188456732
 708.9632982023656 0.5348354889112218 0.3095626229420558 0.05811571874049822 0.03253649445008967
 720.2399057386542 0.467848405590245 0.4499326829434328 0.03756810036230968 0.05410951100539065
 621.813617801066 0.5882615769972719 0.5686424882832333 0.06209338545538218 0.03137471878126707
 568.01439898893 0.3816256047808408 0.5215971022818632 0.02533089857742262 0.06073806819679275
 657.6670151265743 0.6934863707801343 0.3975795759814054 0.03930958690805891 0.03975285728294615
 677.5726791805316 0.3365904838259173 0.6061049515207723 0.03382308829902977 0.06019856738569811
 580.6670492525052 0.4405514027043918 0.3879219339810285 0.06704630292340008 0.03892253327525551
 770.4525559811234 0.6211966822415701 0.6919362501289114 0.0530888937690444 0.04743141023436716


# name: mass
# type: matrix
# rows: 21
# columns: 1
 0.0110947704324864
 0.0161117411778159
 0.00993621274848018
 0.0212241040986683
 0.00942081504604976
 0.0247216394030657
 0.0212956297803647
 0.0100674081299181
 0.0111632500238514
 0.0128542239789903
 0.0128523781458609
 0.0228528728010245
 0.017246724705759
 0.0204582531496998
 0.0141675213042639
 0.0194124319809288
 0.008777212448417331
 0.0204573608046013
 0.0106063903544107
 0.0118476955100157
 0.0213870805434839


# name: density
# type: matrix
# rows: 21
# columns: 1
 354.251445996804
 412.567198325368
 312.433248150435
 386.289154506699
 304.03669955196
 430.964128677315
 460.553916076768
 322.823949759977
 366.464715963723
 450.338772159937
 324.226081833576
 470.885231705579
 376.981187618134
 421.717838803172
 430.499872388292
 367.881507455975
 340.35422848002
 390.819053194687
 407.454277708817
 344.844969514625
 457.505026581324


